32
4 31 9.801980
18 21 6.584158
9 13 14.495049
3 22 7.396039
29 5 9.297029
21 30 1.574257
18 26 14.821782
27 25 18.435644
26 31 26.801981
23 24 29.900990
22 18 10.722773
12 1 8.732674
25 1 10.910892
15 13 26.603960
20 26 27.801981
18 4 23.811882
12 3 28.811882
6 23 28.465347
5 14 6.534654
29 28 23.297029
15 10 17.089109
16 28 8.623762
18 0 3.039604
31 13 5.445545
25 29 28.415842
29 10 6.237624
1 12 20.960396
24 1 15.079208
7 18 0.881188
3 29 18.613861
13 31 26.009901
9 24 2.871287
9 29 17.118813
22 28 7.574257
19 10 27.306931
29 12 11.277227
10 1 21.079208
11 3 27.188118
29 10 18.039604
26 23 20.445545
