24
9 22 1.316832
7 17 23.118813
9 12 28.079208
19 2 27.930693
11 19 15.643564
18 12 15.900990
11 16 13.881188
21 15 20.574257
14 2 24.376238
7 19 6.069307
6 18 28.504950
15 5 17.702971
19 16 7.257426
21 21 12.693069
8 23 6.742574
20 14 14.920792
5 18 11.633663
20 19 7.881188
14 9 26.396040
1 4 4.356436
20 21 19.455446
17 8 8.881188
1 9 11.148515
15 12 25.712872
14 9 14.376238
20 2 3.237624
7 14 26.762377
2 12 18.297029
3 0 11.366337
7 2 5.752475
20 12 22.990099
4 19 20.079208
6 18 5.801980
10 3 22.564356
11 10 9.643564
14 17 12.683168
4 12 3.237624
8 13 25.207920
9 1 9.168317
11 4 9.495049
15 9 17.920792
11 9 17.297029
21 11 26.643564
16 15 23.237623
18 9 19.772278
11 10 8.663366
16 8 20.485149
5 20 5.554455
6 11 18.742575
11 4 25.128714
