32
9 6 1.316832
31 17 23.118813
9 12 28.079208
11 26 27.930693
3 27 15.643564
2 28 15.900990
27 24 13.881188
13 7 20.574257
14 26 24.376238
31 19 6.069307
6 26 28.504950
23 13 17.702971
3 24 7.257426
29 5 12.693069
24 23 6.742574
20 30 14.920792
13 18 11.633663
20 27 7.881188
14 17 26.396040
1 20 4.356436
28 29 19.455446
9 16 8.881188
1 1 11.148515
7 28 25.712872
30 1 14.376238
28 10 3.237624
15 22 26.762377
10 28 18.297029
27 16 11.366337
15 18 5.752475
12 20 22.990099
28 27 20.079208
30 26 5.801980
26 27 22.564356
27 26 9.643564
6 17 12.683168
28 28 3.237624
24 21 25.207920
9 1 9.168317
27 28 9.495049
